Дубовые доски, 3, 2, -1, -1, -1, -1, -1, -1, -1, -1, Oak boards
Дубовые доски, 3, -1, 2, -1, -1, -1, -1, -1, -1, -1, Oak boards
Дубовые доски, 3, -1, -1, 2, -1, -1, -1, -1, -1, -1, Oak boards
Дубовые доски, 3, -1, -1, -1, 2, -1, -1, -1, -1, -1, Oak boards
Дубовые доски, 3, -1, -1, -1, -1, 2, -1, -1, -1, -1, Oak boards
Дубовые доски, 3, -1, -1, -1, -1, -1, 2, -1, -1, -1, Oak boards
Дубовые доски, 3, -1, -1, -1, -1, -1, -1, 2, -1, -1, Oak boards
Дубовые доски, 3, -1, -1, -1, -1, -1, -1, -1, 2, -1, Oak boards
Дубовые доски, 3, -1, -1, -1, -1, -1, -1, -1, -1, 2, Oak boards
Палки, 5, 3, -1, -1, 3, -1, -1, -1, -1, -1, Sticks
Палки, 5, -1, 3, -1, -1, 3, -1, -1, -1, -1, Sticks
Палки, 5, -1, -1, 3, -1, -1, 3, -1, -1, -1, Sticks
Палки, 5, -1, -1, -1, 3, -1, -1, 3, -1, -1, Sticks
Палки, 5, -1, -1, -1, -1, 3, -1, -1, 3, -1, Sticks
Палки, 5, -1, -1, -1, -1, -1, 3, -1, -1, 3, Sticks
Дубовая плита, 4, 3, 3, 3, -1, -1, -1, -1, -1, -1, Oak slab
Дубовая плита, 4, -1, -1, -1, 3, 3, 3, -1, -1, -1, Oak slab
Дубовая плита, 4, -1, -1, -1, -1, -1, -1, 3, 3, 3, Oak slab
Верстак, 18, 3, 3, -1, 3, 3, -1, -1, -1, -1, Workbench
Верстак, 18, -1, 3, 3, -1, 3, 3, -1, -1, -1, Workbench
Верстак, 18, -1, -1, -1, 3, 3, -1, 3, 3, -1, Workbench
Верстак, 18, -1, -1, -1, -1, 3, 3, -1, 3, 3, Workbench
Дубовая дверь, 19, 3, 3, -1, 3, 3, -1, 3, 3, -1, Oak door
Дубовая дверь, 19, -1, 3, 3, -1, 3, 3, -1, 3, 3, Oak door
Табличка, 20, 3, 3, 3, 3, 3, 3, -1, 5, -1, Tablet
Забор, 21, 5, 3, 5, 5, 3, 5, -1, -1, -1, Fence
Забор, 21, -1, -1, -1, 5, 3, 5, 5, 3, 5, Fence
Ворота, 22, 3, 5, 3, 3, 5, 3, -1, -1, -1, Gates
Ворота, 22, -1, -1, -1, 3, 5, 3, 3, 5, 3, Gates
Деревянная нажимная пластина, 23, 3, 3, -1, -1, -1, -1, -1, -1, -1, Wooden pressure plate
Деревянная нажимная пластина, 23, -1, 3, 3, -1, -1, -1, -1, -1, -1, Wooden pressure plate
Деревянная нажимная пластина, 23, -1, -1, -1, 3, 3, -1, -1, -1, -1, Wooden pressure plate
Деревянная нажимная пластина, 23, -1, -1, -1, -1, 3, 3, -1, -1, -1, Wooden pressure plate
Деревянная нажимная пластина, 23, -1, -1, -1, -1, -1, -1, 3, 3, -1, Wooden pressure plate
Деревянная нажимная пластина, 23, -1, -1, -1, -1, -1, -1, -1, 3, 3, Wooden pressure plate
Деревянная кнопка, 24, 3, -1, -1, -1, -1, -1, -1, -1, -1, Wooden button
Деревянная кнопка, 24, -1, 3, -1, -1, -1, -1, -1, -1, -1, Wooden button
Деревянная кнопка, 24, -1, -1, 3, -1, -1, -1, -1, -1, -1, Wooden button
Деревянная кнопка, 24, -1, -1, -1, 3, -1, -1, -1, -1, -1, Wooden button
Деревянная кнопка, 24, -1, -1, -1, -1, 3, -1, -1, -1, -1, Wooden button
Деревянная кнопка, 24, -1, -1, -1, -1, -1, 3, -1, -1, -1, Wooden button
Деревянная кнопка, 24, -1, -1, -1, -1, -1, -1, 3, -1, -1, Wooden button
Деревянная кнопка, 24, -1, -1, -1, -1, -1, -1, -1, 3, -1, Wooden button
Деревянная кнопка, 24, -1, -1, -1, -1, -1, -1, -1, -1, 3, Wooden button
Деревянный люк, 25, 3, 3, 3, 3, 3, 3, -1, -1, -1, Wooden hatch
Деревянный люк, 25, -1, -1, -1, 3, 3, 3, 3, 3, 3, Wooden hatch
Деревянный меч, 26, 3, -1, -1, 3, -1, -1, 5, -1, -1, Wooden sword
Деревянный меч, 26, -1, 3, -1, -1, 3, -1, -1, 5, -1, Wooden sword
Деревянный меч, 26, -1, -1, 3, -1, -1, 3, -1, -1, 5, Wooden sword
Деревянная кирка, 27, 3, 3, 3, -1, 5, -1, -1, 5, -1, Wooden pickaxe
Деревянный топор, 28, 3, 3, -1, 3, 5, -1, -1, 5, -1, Wooden ax
Деревянный топор, 28, -1, 3, 3, -1, 5, 3, -1, 5, -1, Wooden ax
Деревянная лопата, 29, 3, -1, -1, 5, -1, -1, 5, -1, -1, Wooden shovel
Деревянная лопата, 29, -1, 3, -1, -1, 5, -1, -1, 5, -1, Wooden shovel
Деревянная лопата, 29, -1, -1, 3, -1, -1, 5, -1, -1, 5, Wooden shovel
Деревянная мотыга, 30, 3, 3, -1, -1, 5, -1, -1, 5, -1, Wooden hoe
Деревянная мотыга, 30, -1, 3, 3, -1, 5, -1, -1, 5, -1, Wooden hoe
Деревянная мотыга, 30, 3, 3, -1, 5, -1, -1, 5, -1, -1, Wooden hoe
Деревянная мотыга, 30, -1, 3, 3, -1, -1, 5, -1, -1, 5, Wooden hoe
Чаша, 31, 3, -1, 3, -1, 3, -1, -1, -1, -1, Bowl
Чаша, 31, -1, -1, -1, 3, -1, 3, -1, 3, -1, Bowl
Бочка, 32, 3, 4, 3, 3, -1, 3, 3, 4, 3, Barrel
Компостер, 33, 4, -1, 4, 4, -1, 4, 4, 4, 4, Punch
Стол кузнеца, 34, 8, 8, -1, 3, 3, -1, 3, 3, -1, Blacksmith table
Стол кузнеца, 34, -1, 8, 8, -1, 3, 3, -1, 3, 3, Blacksmith table
Ткацкий станок, 35, 13, 13, -1, 3, 3, -1, -1, -1, -1, Loom
Ткацкий станок, 35, -1, 13, 13, -1, 3, 3, -1, -1, -1, Loom
Ткацкий станок, 35, -1, -1, -1, 13, 13, -1, 3, 3, -1, Loom
Ткацкий станок, 35, -1, -1, -1, -1, 13, 13, -1, 3, 3, Loom
Каменная плита, 36, 1, 1, 1, -1, -1, -1, -1, -1, -1, Stone slab
Каменная плита, 36, -1, -1, -1, 1, 1, 1, -1, -1, -1, Stone slab
Каменная плита, 36, -1, -1, -1, -1, -1, -1, 1, 1, 1, Stone slab
Каменная лестница, 37, 1, -1, -1, 1, 1, -1, 1, 1, 1, Stone staircase
Каменная лестница, 37, -1, -1, 1, -1, 1, 1, 1, 1, 1, Stone staircase
Каменный кирпич, 38, 1, 1, -1, 1, 1, -1, -1, -1, -1, Stone brick
Каменный кирпич, 38, -1, 1, 1, -1, 1, 1, -1, -1, -1, Stone brick
Каменный кирпич, 38, -1, -1, -1, 1, 1, -1, 1, 1, -1, Stone brick
Каменный кирпич, 38, -1, -1, -1, -1, 1, 1, -1, 1, 1, Stone brick
Сундук, 39, 3, 3, 3, 3, -1, 3, 3, 3, 3, Box
Резная книжная полка, 40, 3, 3, 3, 4, 4, 4, 3, 3, 3, Carved bookshelf
Каменная кнопка, 41, 1, -1, -1, -1, -1, -1, -1, -1, -1, Stone button
Каменная кнопка, 41, -1, 1, -1, -1, -1, -1, -1, -1, -1, Stone button
Каменная кнопка, 41, -1, -1, 1, -1, -1, -1, -1, -1, -1, Stone button
Каменная кнопка, 41, -1, -1, -1, 1, -1, -1, -1, -1, -1, Stone button
Каменная кнопка, 41, -1, -1, -1, -1, 1, -1, -1, -1, -1, Stone button
Каменная кнопка, 41, -1, -1, -1, -1, -1, 1, -1, -1, -1, Stone button
Каменная кнопка, 41, -1, -1, -1, -1, -1, -1, 1, -1, -1, Stone button
Каменная кнопка, 41, -1, -1, -1, -1, -1, -1, -1, 1, -1, Stone button
Каменная кнопка, 41, -1, -1, -1, -1, -1, -1, -1, -1, 1, Stone button
Каменная нажимная пластина, 42, 1, 1, -1, -1, -1, -1, -1, -1, -1, Stone pressure plate
Каменная нажимная пластина, 42, -1, 1, 1, -1, -1, -1, -1, -1, -1, Stone pressure plate
Каменная нажимная пластина, 42, -1, -1, -1, 1, 1, -1, -1, -1, -1, Stone pressure plate
Каменная нажимная пластина, 42, -1, -1, -1, -1, 1, 1, -1, -1, -1, Stone pressure plate
Каменная нажимная пластина, 42, -1, -1, -1, -1, -1, -1, 1, 1, -1, Stone pressure plate
Каменная нажимная пластина, 42, -1, -1, -1, -1, -1, -1, -1, 1, 1, Stone pressure plate
Каменный меч, 43, 0, -1, -1, 0, -1, -1, 5, -1, -1, Stone sword
Каменный меч, 43, -1, 0, -1, -1, 0, -1, -1, 5, -1, Stone sword
Каменный меч, 43, -1, -1, 0, -1, -1, 0, -1, -1, 5, Stone sword
Каменная кирка, 44, 0, 0, 0, -1, 5, -1, -1, 5, -1, Stone pickaxe
Каменный топор, 45, 0, 0, -1, 0, 5, -1, -1, 5, -1, Stone ax
Каменный топор, 45, -1, 0, 0, -1, 5, 0, -1, 5, -1, Stone ax
Каменная лопата, 46, 0, -1, -1, 5, -1, -1, 5, -1, -1, Stone shovel
Каменная лопата, 46, -1, 0, -1, -1, 5, -1, -1, 5, -1, Stone shovel
Каменная лопата, 46, -1, -1, 0, -1, -1, 5, -1, -1, 5, Stone shovel
Каменная мотыга, 47, 0, 0, -1, -1, 5, -1, -1, 5, -1, Stone hoe
Каменная мотыга, 47, -1, 0, 0, -1, 5, -1, -1, 5, -1, Stone hoe
Каменная мотыга, 47, 0, 0, -1, 5, -1, -1, 5, -1, -1, Stone hoe
Каменная мотыга, 47, -1, 0, 0, -1, -1, 5, -1, -1, 5, Stone hoe
Булыжная плита, 48, 0, 0, 0, -1, -1, -1, -1, -1, -1, Cobblestone slab
Булыжная плита, 48, -1, -1, -1, 0, 0, 0, -1, -1, -1, Cobblestone slab
Булыжная плита, 48, -1, -1, -1, -1, -1, -1, 0, 0, 0, Cobblestone slab
Булыжная лестница, 49, 0, -1, -1, 0, 0, -1, 0, 0, 0, Cobblestone stairs
Булыжная лестница, 49, -1, -1, 0, -1, 0, 0, 0, 0, 0, Cobblestone stairs
Булыжная стена, 50, 0, 0, 0, 0, 0, 0, -1, -1, -1, cobblestone wall
Булыжная стена, 50, -1, -1, -1, 0, 0, 0, 0, 0, 0, cobblestone wall
Печь, 51, 0, 0, 0, 0, -1, 0, 0, 0, 0, Bake
Поршень, 52, 3, 3, 3, 0, 8, 0, 0, 14, 0, Piston
Лодка, 53, 3, -1, 3, 3, 3, 3, -1, -1, -1, Boat
Лодка, 53, -1, -1, -1, 3, -1, 3, 3, 3, 3, Boat
Деревянное копьё, 54, 3, -1, -1, -1, 5, -1, -1, -1, 5, Wooden spear
Деревянное копьё, 54, -1, -1, 3, -1, 5, -1, 5, -1, -1, Wooden spear
Флаг, 55, 12, 12, 12, 12, 12, 12, -1, 5, -1, Flag
Рычаг, 56, 5, -1, -1, 0, -1, -1, -1, -1, -1, Lever
Рычаг, 56, -1, 5, -1, -1, 0, -1, -1, -1, -1, Lever
Рычаг, 56, -1, -1, 5, -1, -1, 0, -1, -1, -1, Lever
Рычаг, 56, -1, -1, -1, 5, -1, -1, 0, -1, -1, Lever
Рычаг, 56, -1, -1, -1, -1, 5, -1, -1, 0, -1, Lever
Рычаг, 56, -1, -1, -1, -1, -1, 5, -1, -1, 0, Lever
Диорит, 57, 0, 16, -1, 16, 0, -1, -1, -1, -1, Diorite
Диорит, 57, -1, 0, 16, -1, 16, 0, -1, -1, -1, Diorite
Диорит, 57, -1, -1, -1, 0, 16, -1, 16, 0, -1, Diorite
Диорит, 57, -1, -1, -1, -1, 0, 16, -1, 16, 0, Diorite
Лестница, 58, 5, -1, 5, 5, 5, 5, 5, -1, 5, Ladder
Факел, 59, 6, -1, -1, 5, -1, -1, -1, -1, -1, Torch
Факел, 59, -1, 6, -1, -1, 5, -1, -1, -1, -1, Torch
Факел, 59, -1, -1, 6, -1, -1, 5, -1, -1, -1, Torch
Факел, 59, -1, -1, -1, 6, -1, -1, 5, -1, -1, Torch
Факел, 59, -1, -1, -1, -1, 6, -1, -1, 5, -1, Torch
Факел, 59, -1, -1, -1, -1, -1, 6, -1, -1, 5, Torch
Красный факел, 15, 14, -1, -1, 5, -1, -1, -1, -1, -1, Red torch
Красный факел, 15, -1, 14, -1, -1, 5, -1, -1, -1, -1, Red torch
Красный факел, 15, -1, -1, 14, -1, -1, 5, -1, -1, -1, Red torch
Красный факел, 15, -1, -1, -1, 14, -1, -1, 5, -1, -1, Red torch
Красный факел, 15, -1, -1, -1, -1, 14, -1, -1, 5, -1, Red torch
Красный факел, 15, -1, -1, -1, -1, -1, 14, -1, -1, 5, Red torch
Лук, 60, -1, 5, 13, 5, -1, 13, -1, 5, 13, Onion
Лук, 60, 13, 5, -1, 13, -1, 5, 13, 5, -1, Onion
Удочка, 61, -1, -1, 5, -1, 5, 13, 5, -1, 13, Fishing rod
Удочка, 61, 5, -1, -1, 13, 5, -1, 13, -1, 5, Fishing rod
Рамка, 62, 5, 5, 5, 5, 11, 5, 5, 5, 5, Frame
Картина, 63, 5, 5, 5, 5, 12, 5, 5, 5, 5, Painting
Угольный блок, 64, 6, 6, 6, 6, 6, 6, 6, 6, 6, Coal block
Железный слиток, 8, 7, 7, 7, 7, 7, 7, 7, 7, 7, Iron ingot
Цепь, 65, 7, -1, -1, 8, -1, -1, 7, -1, -1, Chain
Цепь, 65, -1, 7, -1, -1, 8, -1, -1, 7, -1, Chain
Цепь, 65, -1, -1, 7, -1, -1, 8, -1, -1, 7, Chain
Железный блок, 66, 8, 8, 8, 8, 8, 8, 8, 8, 8, Iron block
Железный самородок, 7, 8, -1, -1, -1, -1, -1, -1, -1, -1, Iron nugget
Железный самородок, 7, -1, 8, -1, -1, -1, -1, -1, -1, -1, Iron nugget
Железный самородок, 7, -1, -1, 8, -1, -1, -1, -1, -1, -1, Iron nugget
Железный самородок, 7, -1, -1, -1, 8, -1, -1, -1, -1, -1, Iron nugget
Железный самородок, 7, -1, -1, -1, -1, 8, -1, -1, -1, -1, Iron nugget
Железный самородок, 7, -1, -1, -1, -1, -1, 8, -1, -1, -1, Iron nugget
Железный самородок, 7, -1, -1, -1, -1, -1, -1, 8, -1, -1, Iron nugget
Железный самородок, 7, -1, -1, -1, -1, -1, -1, -1, 8, -1, Iron nugget
Железный самородок, 7, -1, -1, -1, -1, -1, -1, -1, -1, 8, Iron nugget
Ведро, 67, 8, -1, 8, -1, 8, -1, -1, -1, -1, Bucket
Ведро, 67, -1, -1, -1, 8, -1, 8, -1, 8, -1, Bucket
Ножницы, 68, 8, -1, -1, -1, 8, -1, -1, -1, -1, Scissors
Ножницы, 68, -1, 8, -1, 8, -1, -1, -1, -1, -1, Scissors
Ножницы, 68, -1, -1, -1, -1, 8, -1, 8, -1, -1, Scissors
Ножницы, 68, -1, -1, -1, 8, -1, -1, -1, 8, -1, Scissors
Ножницы, 68, -1, -1, 8, -1, 8, -1, -1, -1, -1, Scissors
Ножницы, 68, -1, 8, -1, -1, -1, 8, -1, -1, -1, Scissors
Ножницы, 68, -1, -1, -1, -1, -1, 8, -1, 8, -1, Scissors
Ножницы, 68, -1, -1, -1, -1, 8, -1, -1, -1, 8, Scissors
Железный меч, 69, 8, -1, -1, 8, -1, -1, 5, -1, -1, Iron sword
Железный меч, 69, -1, 8, -1, -1, 8, -1, -1, 5, -1, Iron sword
Железный меч, 69, -1, -1, 8, -1, -1, 8, -1, -1, 5, Iron sword
Железная кирка, 70, 8, 8, 8, -1, 5, -1, -1, 5, -1, Iron pickaxe
Железный топор, 71, 8, 8, -1, 8, 5, -1, -1, 5, -1, Iron ax
Железный топор, 71, -1, 8, 8, -1, 5, 8, -1, 5, -1, Iron ax
Железная лопата, 72, 8, -1, -1, 5, -1, -1, 5, -1, -1, Iron shovel
Железная лопата, 72, -1, 8, -1, -1, 5, -1, -1, 5, -1, Iron shovel
Железная лопата, 72, -1, -1, 8, -1, -1, 5, -1, -1, 5, Iron shovel
Железная мотыга, 73, 8, 8, -1, -1, 5, -1, -1, 5, -1, Iron hoe
Железная мотыга, 73, -1, 8, 8, -1, 5, -1, -1, 5, -1, Iron hoe
Железная мотыга, 73, 8, 8, -1, 5, -1, -1, 5, -1, -1, Iron hoe
Железная мотыга, 73, -1, 8, 8, -1, -1, 5, -1, -1, 5, Iron hoe
Железный шлем, 74, 8, 8, 8, 8, -1, 8, -1, -1, -1, Iron helmet
Железный шлем, 74, -1, -1, -1, 8, 8, 8, 8, -1, 8, Iron helmet
Железный нагрудник, 75, 8, -1, 8, 8, 8, 8, 8, 8, 8, Iron breastplate
Железные поножи, 76, 8, 8, 8, 8, -1, 8, 8, -1, 8, Iron Leggings
Железные ботинки, 77, 8, -1, 8, 8, -1, 8, -1, -1, -1, Iron boots
Железные ботинки, 77, -1, -1, -1, 8, -1, 8, 8, -1, 8, Iron boots
Железная дверь, 78, 8, 8, -1, 8, 8, -1, 8, 8, -1, iron door
Железная дверь, 78, -1, 8, 8, -1, 8, 8, -1, 8, 8, iron door
Железный люк, 79, 8, 8, -1, 8, 8, -1, -1, -1, -1, Iron hatch
Железный люк, 79, -1, 8, 8, -1, 8, 8, -1, -1, -1, Iron hatch
Железный люк, 79, -1, -1, -1, 8, 8, -1, 8, 8, -1, Iron hatch
Железный люк, 79, -1, -1, -1, -1, 8, 8, -1, 8, 8, Iron hatch
Железная нажимная пластина, 80, 8, 8, -1, -1, -1, -1, -1, -1, -1, Iron pressure plate
Железная нажимная пластина, 80, -1, 8, 8, -1, -1, -1, -1, -1, -1, Iron pressure plate
Железная нажимная пластина, 80, -1, -1, -1, 8, 8, -1, -1, -1, -1, Iron pressure plate
Железная нажимная пластина, 80, -1, -1, -1, -1, 8, 8, -1, -1, -1, Iron pressure plate
Железная нажимная пластина, 80, -1, -1, -1, -1, -1, -1, 8, 8, -1, Iron pressure plate
Железная нажимная пластина, 80, -1, -1, -1, -1, -1, -1, -1, 8, 8, Iron pressure plate
Железные прутья, 81, 8, 8, 8, 8, 8, 8, -1, -1, -1, Iron bars
Железные прутья, 81, -1, -1, -1, 8, 8, 8, 8, 8, 8, Iron bars
Котёл, 82, 8, -1, 8, 8, -1, 8, 8, 8, 8, Boiler
Железное копьё, 83, 8, -1, -1, -1, 5, -1, -1, -1, 5, Iron spear
Железное копьё, 83, -1, -1, 8, -1, 5, -1, 5, -1, -1, Iron spear
Рельсы, 84, 8, -1, 8, 8, 5, 8, 8, -1, 8, Rails
Компас, 85, -1, 8, -1, 8, 14, 8, -1, 8, -1, Compass
Вагонетка, 86, 8, -1, 8, 8, 8, 8, -1, -1, -1, Trolley
Вагонетка, 86, -1, -1, -1, 8, -1, 8, 8, 8, 8, Trolley
Щит, 87, 8, 3, 8, 3, 3, 3, -1, 3, -1, Shield
Крюк, 88, 8, -1, -1, 5, -1, -1, 3, -1, -1, Hook
Крюк, 88, -1, 8, -1, -1, 5, -1, -1, 3, -1, Hook
Крюк, 88, -1, -1, 8, -1, -1, 5, -1, -1, 3, Hook
Седло, 89, -1, 11, -1, 11, 8, 11, -1, -1, -1, Saddle
Седло, 89, -1, -1, -1, -1, 11, -1, 11, 8, 11, Saddle
Каменное копьё, 90, 0, -1, -1, -1, 5, -1, -1, -1, 5, Stone spear
Каменное копьё, 90, -1, -1, 0, -1, 5, -1, 5, -1, -1, Stone spear
Камнерез, 91, -1, 8, -1, 1, 1, 1, -1, -1, -1, Stonecutter
Камнерез, 91, -1, -1, -1, -1, 8, -1, 1, 1, 1, Stonecutter
Активирующие рельсы, 92, 8, 5, 8, 8, 15, 8, 8, 5, 8, Activating rails
Золотой блок, 93, 9, 9, 9, 9, 9, 9, 9, 9, 9, Gold block
Энергорельсы, 94, 9, -1, 9, 9, 5, 9, 9, 14, 9, Energy rails
Часы, 95, -1, 9, -1, 9, 14, 9, -1, 9, -1, Watch
Золотой меч, 96, 9, -1, -1, 9, -1, -1, 5, -1, -1, Golden sword
Золотой меч, 96, -1, 9, -1, -1, 9, -1, -1, 5, -1, Golden sword
Золотой меч, 96, -1, -1, 9, -1, -1, 9, -1, -1, 5, Golden sword
Золотая кирка, 97, 9, 9, 9, -1, 5, -1, -1, 5, -1, Golden Pickaxe
Золотой топор, 98, 9, 9, -1, 9, 5, -1, -1, 5, -1, Golden ax
Золотой топор, 98, -1, 9, 9, -1, 5, 9, -1, 5, -1, Golden ax
Золотая лопата, 99, 9, -1, -1, 5, -1, -1, 5, -1, -1, Golden shovel
Золотая лопата, 99, -1, 9, -1, -1, 5, -1, -1, 5, -1, Golden shovel
Золотая лопата, 99, -1, -1, 9, -1, -1, 5, -1, -1, 5, Golden shovel
Золотая мотыга, 100, 9, 9, -1, -1, 5, -1, -1, 5, -1, Golden hoe
Золотая мотыга, 100, -1, 9, 9, -1, 5, -1, -1, 5, -1, Golden hoe
Золотая мотыга, 100, 9, 9, -1, 5, -1, -1, 5, -1, -1, Golden hoe
Золотая мотыга, 100, -1, 9, 9, -1, -1, 5, -1, -1, 5, Golden hoe
Золотой шлем, 101, 9, 9, 9, 9, -1, 9, -1, -1, -1, Golden helmet
Золотой шлем, 101, -1, -1, -1, 9, 9, 9, 9, -1, 9, Golden helmet
Золотой нагрудник, 102, 9, -1, 9, 9, 9, 9, 9, 9, 9, Golden breastplate
Золотые поножи, 103, 9, 9, 9, 9, -1, 9, 9, -1, 9, Golden Leggings
Золотые ботинки, 104, 9, -1, 9, 9, -1, 9, -1, -1, -1, Golden boots
Золотые ботинки, 104, -1, -1, -1, 9, -1, 9, 9, -1, 9, Golden boots
Алмазный блок, 105, 10, 10, 10, 10, 10, 10, 10, 10, 10, Diamond block
Музыкальный блок, 106, 3, 3, 3, 3, 10, 3, 3, 3, 3, Music block
Алмазный меч, 107, 10, -1, -1, 10, -1, -1, 5, -1, -1, Diamond Sword
Алмазный меч, 107, -1, 10, -1, -1, 10, -1, -1, 5, -1, Diamond Sword
Алмазный меч, 107, -1, -1, 10, -1, -1, 10, -1, -1, 5, Diamond Sword
Алмазная кирка, 108, 10, 10, 10, -1, 5, -1, -1, 5, -1, Diamond pickaxe
Алмазный топор, 109, 10, 10, -1, 10, 5, -1, -1, 5, -1, Diamond ax
Алмазный топор, 109, -1, 10, 10, -1, 5, 10, -1, 5, -1, Diamond ax
Алмазная лопата, 110, 10, -1, -1, 5, -1, -1, 5, -1, -1, Diamond Shovel
Алмазная лопата, 110, -1, 10, -1, -1, 5, -1, -1, 5, -1, Diamond Shovel
Алмазная лопата, 110, -1, -1, 10, -1, -1, 5, -1, -1, 5, Diamond Shovel
Алмазная мотыга, 111, 10, 10, -1, -1, 5, -1, -1, 5, -1, Diamond hoe
Алмазная мотыга, 111, -1, 10, 10, -1, 5, -1, -1, 5, -1, Diamond hoe
Алмазная мотыга, 111, 10, 10, -1, 5, -1, -1, 5, -1, -1, Diamond hoe
Алмазная мотыга, 111, -1, 10, 10, -1, -1, 5, -1, -1, 5, Diamond hoe
Алмазный шлем, 112, 10, 10, 10, 10, -1, 10, -1, -1, -1, Diamond helmet
Алмазный шлем, 112, -1, -1, -1, 10, 10, 10, 10, -1, 10, Diamond helmet
Алмазный нагрудник, 113, 10, -1, 10, 10, 10, 10, 10, 10, 10, Diamond breastplate
Алмазные поножи, 114, 10, 10, 10, 10, -1, 10, 10, -1, 10, Diamond Leggings
Алмазные ботинки, 115, 10, -1, 10, 10, -1, 10, -1, -1, -1, Diamond boots
Алмазные ботинки, 115, -1, -1, -1, 10, -1, 10, 10, -1, 10, Diamond boots
Кожаный шлем, 116, 11, 11, 11, 11, -1, 11, -1, -1, -1, Leather helmet
Кожаный шлем, 116, -1, -1, -1, 11, 11, 11, 11, -1, 11, Leather helmet
Кожаный нагрудник, 117, 11, -1, 11, 11, 11, 11, 11, 11, 11, Leather bib
Кожаные поножи, 118, 11, 11, 11, 11, -1, 11, 11, -1, 11, Leather Leggings
Кожаные ботинки, 119, 11, -1, 11, 11, -1, 11, -1, -1, -1, Leather boots
Кожаные ботинки, 119, -1, -1, -1, 11, -1, 11, 11, -1, 11, Leather boots
Кожаная конская броня, 120, 11, -1, 11, 11, 11, 11, 11, -1, 11, Leather horse armor
Кровать, 121, 12, 12, 12, 3, 3, 3, -1, -1, -1, Bed
Кровать, 121, -1, -1, -1, 12, 12, 12, 3, 3, 3, Bed
Ковёр, 122, 12, 12, -1, -1, -1, -1, -1, -1, -1, Carpet
Ковёр, 122, -1, 12, 12, -1, -1, -1, -1, -1, -1, Carpet
Ковёр, 122, -1, -1, -1, 12, 12, -1, -1, -1, -1, Carpet
Ковёр, 122, -1, -1, -1, -1, 12, 12, -1, -1, -1, Carpet
Ковёр, 122, -1, -1, -1, -1, -1, -1, 12, 12, -1, Carpet
Ковёр, 122, -1, -1, -1, -1, -1, -1, -1, 12, 12, Carpet
Шерсть, 12, 13, 13, -1, 13, 13, -1, -1, -1, -1, Wool
Шерсть, 12, -1, 13, 13, -1, 13, 13, -1, -1, -1, Wool
Шерсть, 12, -1, -1, -1, 13, 13, -1, 13, 13, -1, Wool
Шерсть, 12, -1, -1, -1, -1, 13, 13, -1, 13, 13, Wool
Редстоуновый блок, 123, 14, 14, 14, 14, 14, 14, 14, 14, 14, Redstone block
Нотный блок, 124, 3, 3, 3, 3, 14, 3, 3, 3, 3, Note block
Редстоуновый повторитель, 125, 15, 14, 15, 1, 1, 1, -1, -1, -1, Redstone repeater
Редстоуновый повторитель, 125, -1, -1, -1, 15, 14, 15, 1, 1, 1, Redstone repeater
Редстоуновый компаратор, 126, -1, 15, -1, 15, 16, 15, 1, 1, 1, Redstone comparator
Кварцевый блок, 127, 16, 16, 16, 16, -1, -1, -1, -1, -1, Quartz block
Кварцевый блок, 127, -1, 16, 16, -1, 16, 16, -1, -1, -1, Quartz block
Кварцевый блок, 127, -1, -1, -1, 16, 16, -1, 16, 16, -1, Quartz block
Кварцевый блок, 127, -1, -1, -1, -1, 16, 16, -1, 16, 16, Quartz block
Наблюдатель, 128, 0, 0, 0, 14, 14, 16, 0, 0, 0, Observer
Наблюдатель, 128, 0, 0, 0, 16, 14, 14, 0, 0, 0, Observer
Дроппер, 129, 0, 0, 0, 0, -1, 0, 0, 14, 0, Dropper
Древесина, 130, 2, 2, -1, 2, 2, -1, -1, -1, -1, Wood
Древесина, 130, -1, 2, 2, -1, 2, 2, -1, -1, -1, Wood
Древесина, 130, -1, -1, -1, 2, 2, -1, 2, 2, -1, Wood
Древесина, 130, -1, -1, -1, -1, 2, 2, -1, 2, 2, Wood
Костер, 131, -1, 5, -1, 5, 6, 5, 2, 2, 2, Bonfire
Золотое копьё, 132, 9, -1, -1, -1, 5, -1, -1, -1, 5, Golden spear
Золотое копьё, 132, -1, -1, 9, -1, 5, -1, 5, -1, -1, Golden spear
Стеклянная панель, 133, 17, 17, 17, 17, 17, 17, -1, -1, -1, Glass panel
Стеклянная панель, 133, -1, -1, -1, 17, 17, 17, 17, 17, 17, Glass panel
Стеклянная бутылка, 134, 17, -1, 17, -1, 17, -1, -1, -1, -1, Glass bottle
Стеклянная бутылка, 134, -1, -1, -1, 17, -1, 17, -1, 17, -1, Glass bottle
Датчик дневного света, 135, 17, 17, 17, 16, 16, 16, 4, 4, 4, Daylight sensor
Алмазное копьё, 136, 10, -1, -1, -1, 5, -1, -1, -1, 5, Diamond Spear
Алмазное копьё, 136, -1, -1, 10, -1, 5, -1, 5, -1, -1, Diamond Spear
Мешок, 137, 13, -1, -1, 11, -1, -1, -1, -1, -1, Bag
Мешок, 137, -1, 13, -1, -1, 11, -1, -1, -1, -1, Bag
Мешок, 137, -1, -1, 13, -1, -1, 11, -1, -1, -1, Bag
Мешок, 137, -1, -1, -1, 13, -1, -1, 11, -1, -1, Bag
Мешок, 137, -1, -1, -1, -1, 13, -1, -1, 11, -1, Bag
Мешок, 137, -1, -1, -1, -1, -1, 13, -1, -1, 11, Bag
Лассо, 138, 13, 13, -1, 13, 13, -1, -1, -1, 13, Lasso
Лассо, 138, -1, 13, 13, -1, 13, 13, 13, -1, -1, Lasso
Шапка гаста, 139, 11, 11, 11, 17, 12, 17, -1, -1, -1, Ghast Cap
Шапка гаста, 139, -1, -1, -1, 11, 11, 11, 17, 12, 17, Ghast Cap
Деревянная лестница, 140, 3, -1, -1, 3, 3, -1, 3, 3, 3, Wooden staircase
Деревянная лестница, 140, -1, -1, 3, -1, 3, 3, 3, 3, 3, Wooden staircase